gene_id	logFC	AveExpr	t	P.Value	adj.P.Val	B	logFC_rank	FDR_rank
MMP17	ENSG_001	0.26794	9.9955	0.65349	0.51502	0.69333	-6.28	5	8
MMP27	ENSG_002	0.081738	4.2777	1.2564	0.21205	0.38895	-5.7174	8	5
MMP37	ENSG_003	-0.51198	9.2662	-3.9779	0.00013602	0.0014296	0.7229	1	1
MMP1	ENSG_004	0.13972	4.4324	1.1875	0.23801	0.41982	-5.7993	7	6
MMP2	ENSG_006	-0.4943	9.2267	-2.1303	0.03574	0.10488	-4.3024	2	2
MMP19	ENSG_007	-0.017808	8.9888	-0.20254	0.83993	0.91584	-6.4702	9	9
MMP29	ENSG_008	-0.19032	6.0722	-0.8123	0.41866	0.61034	-6.1657	6	7
MMP39	ENSG_009	0.33804	13.843	1.6201	0.10853	0.23955	-5.2122	3	4
MMP14	ENSG_010	0.30718	9.5907	1.7373	0.085581	0.20086	-5.0236	4	3
